1
2
3
9103
1564713889
1564713889
1564713989
1564713990193990
1564713990193990
1564713990193991
1564713990193992
1564713990193993
1564713990193994
1564713990193995
1564713990193996
1564713990193997
1564713990193998
1564713990193999
1564713990194000
1564713990194001
1564713990194002
1564713990194003
1564713990194004
1564713990194005
1564713990194006
1564713990194007
1564713990194008
1564713990194009
1564713990194010
1564713990194011
1564713990194012
1564713990194013
1564713990194014
1564713990194015
1564713990194016
1564713990194017
1564713990194018
1564713990194019
1564713990194020
1564713990194021
1564713990194022
1564713990194023
1564713990194024
1564713990194025
1564713990194026
1564713990194027
1564713990194028
1564713990194029
1564713990194030
1564713990194031
1564713990194032
1564713990194033
1564713990194034
1564713990194035
1564713990194036
1564713990194037
1564713990194038
1564713990194039
1564713990194040
1564713990194041
1564713990194042
1564713990194043
1564713990194044
1564713990194045
1564713990194046
1564713990194047
1564713990194048
1564713990194049
1564713990194050
1564713990194051
1564713990194052
1564713990194053
1564713990194054
1564713990194055
1564713990194056
1564713990194057
1564713990194058
1564713990194059
1564713990194060
1564713990194061
1564713990194062
1564713990194063
1564713990194064
1564713990194065
1564713990194066
1564713990194067
1564713990194068
1564713990194069
1564713990194070
1564713990194071
1564713990194072
1564713990194073
1564713990194074
1564713990194075
1564713990194076
1564713990194077
1564713990194078
1564713990194079
1564713990194080
1564713990194081
1564713990194082
1564713990194083
1564713990194084
1564713990194085
1564713990194086
1564713990194087
1564713990194088
1564713990194089
1564713990194090
1564713990194091
1564713990194092
1564713990194093
1564713990194094
1564713990194095
1564713990194096
1564713990194097
1564713990194098
1564713990194098
1564713990194098
1564713990194098
1564713990194098